data/dstn054.cnv
* Sea-Bird SBE 9 Data File:
* FileName = C:\ctddata\alg130\stn054.dat
* Software Version Seasave Win32 V 5.27b
* Temperature SN = 2949
* Conductivity SN = 2919
* Number of Bytes Per Scan = 27
* Number of Voltage Words = 5
* Number of Scans Averaged by the Deck Unit = 1
* NMEA Latitude = 08 49.77 S
* NMEA Longitude = 039 49.31 E
* NMEA UTC (Time) = 15:35:39
** Ship:       Algoa
** Cruise:     Coelacanth
** Station:    C08739
** Grid: C-054
** Latitude: 08 50.00 S
** Longitude: 39 49.38 E
** Operator: Tammy
# nquan = 17
# nvalues = 651                         
# units = specified
# name 0 = scan: Scan Count
# name 1 = prDM: Pressure, Digiquartz [db]
# name 2 = depSM: Depth [salt water, m]
# name 3 = t068C: Temperature [ITS-68, deg C]
# name 4 = t090C: Temperature [ITS-90, deg C]
# name 5 = c0S/m: Conductivity [S/m]
# name 6 = sal00: Salinity [PSU]
# name 7 = sbeox0ML/L: Oxygen, SBE 43 [ml/l]
# name 8 = flECO-AFL: Fluorescence, Wetlab ECO-AFL/FL [mg/m^3]
# name 9 = obs: OBS, Backscatterance (D + A) [NTU]
# name 10 = spar: SPAR/Surface Irradiance
# name 11 = par: PAR/Irradiance, Biospherical/Licor
# name 12 = v2: Voltage 2
# name 13 = sal00: Salinity [PSU]
# name 14 = density00: Density [density, Kg/m^3]
# name 15 = svCM: Sound Velocity [Chen-Millero, m/s]
# name 16 = flag: flag
# span 0 =        195,      34196       
# span 1 =      4.000,    654.000       
# span 2 =      3.976,    649.300       
# span 3 =     8.3546,    25.1128       
# span 4 =     8.3526,    25.1067       
# span 5 =   3.660642,   5.299163       
# span 6 =    34.7590,    35.3059       
# span 7 =    2.40808,    4.66835       
# span 8 =    -0.0256,     2.1060       
# span 9 =     0.0000,     0.0000       
# span 10 = 2.2113e+01, 2.6351e+01      
# span 11 = 1.2810e+00, 1.3835e+00      
# span 12 =     0.0440,     0.2113      
# span 13 =    34.7583,    35.3048      
# span 14 =  1023.2183,  1029.9934      
# span 15 =    1494.27,    1534.76      
# span 16 = 0.0000e+00, 0.0000e+00      
# interval = decibars: 1                
# start_time = Aug 19 2004 17:39:39
# bad_flag = -9.990e-29
*END*
[from data line 511]
      22727    515.000    511.470     9.3689     9.3667   3.752207    34.7935    3.21845    -0.0075     0.0000 2.2277e+01 1.2996e+00     0.0454    34.7929  1029.2213    1495.77 0.0000e+00
      22823    516.000    512.462     9.3468     9.3445   3.750034    34.7923    3.20249    -0.0016     0.0000 2.2277e+01 1.2994e+00     0.0459    34.7914  1029.2285    1495.71 0.0000e+00
      22874    517.000    513.454     9.3340     9.3318   3.748809    34.7915    3.19466    -0.0083     0.0000 2.2277e+01 1.2990e+00     0.0454    34.7906  1029.2346    1495.68 0.0000e+00
      22958    518.000    514.447     9.3258     9.3236   3.748043    34.7910    3.18108    -0.0073     0.0000 2.2277e+01 1.2988e+00     0.0454    34.7902  1029.2402    1495.66 0.0000e+00
      23028    519.000    515.437     9.3158     9.3136   3.747113    34.7905    3.16889    -0.0036     0.0000 2.2277e+01 1.2993e+00     0.0457    34.7898  1029.2461    1495.64 0.0000e+00
      23116    520.000    516.430     9.3078     9.3056   3.746342    34.7898    3.16850    -0.0049     0.0000 2.2277e+01 1.2993e+00     0.0456    34.7891  1029.2514    1495.63 0.0000e+00
      23178    521.000    517.417     9.3006     9.2984   3.745682    34.7894    3.16917    -0.0048     0.0000 2.2277e+01 1.2989e+00     0.0456    34.7887  1029.2569    1495.62 0.0000e+00
      23245    522.000    518.416     9.2969     9.2947   3.745364    34.7891    3.16393    -0.0019     0.0000 2.2277e+01 1.2989e+00     0.0459    34.7886  1029.2619    1495.62 0.0000e+00
      23327    523.000    519.404     9.2942     9.2920   3.745132    34.7888    3.15931    -0.0097     0.0000 2.2277e+01 1.2987e+00     0.0453    34.7884  1029.2667    1495.63 0.0000e+00
      23367    524.000    520.398     9.2802     9.2780   3.743794    34.7884    3.15553    -0.0067     0.0000 2.2277e+01 1.2989e+00     0.0455    34.7876  1029.2730    1495.59 0.0000e+00
      23415    525.000    521.387     9.2641     9.2619   3.742294    34.7879    3.15567    -0.0055     0.0000 2.2277e+01 1.2990e+00     0.0456    34.7872  1029.2800    1495.55 0.0000e+00
      23502    526.000    522.383     9.2576     9.2553   3.741674    34.7874    3.15461    -0.0037     0.0000 2.2339e+01 1.2993e+00     0.0457    34.7867  1029.2852    1495.54 0.0000e+00
      23601    527.000    523.373     9.2472     9.2450   3.740682    34.7867    3.14897    -0.0029     0.0000 2.2276e+01 1.2989e+00     0.0458    34.7860  1029.2910    1495.52 0.0000e+00
      23632    528.000    524.366     9.2333     9.2310   3.739396    34.7865    3.14201    -0.0024     0.0000 2.2277e+01 1.2988e+00     0.0458    34.7857  1029.2977    1495.48 0.0000e+00
      23661    529.000    525.358     9.2274     9.2252   3.738845    34.7862    3.14289    -0.0030     0.0000 2.2277e+01 1.2990e+00     0.0458    34.7852  1029.3028    1495.48 0.0000e+00
      23756    530.000    526.349     9.2203     9.2181   3.738224    34.7857    3.13951    -0.0032     0.0000 2.2277e+01 1.2987e+00     0.0458    34.7852  1029.3085    1495.47 0.0000e+00
      23826    531.000    527.339     9.2129     9.2107   3.737506    34.7853    3.13914    -0.0041     0.0000 2.2277e+01 1.2986e+00     0.0457    34.7845  1029.3138    1495.46 0.0000e+00
      23875    532.000    528.329     9.1863     9.1841   3.735003    34.7852    3.13688    -0.0106     0.0000 2.2277e+01 1.2982e+00     0.0452    34.7839  1029.3223    1495.37 0.0000e+00
      23986    533.000    529.326     9.1731     9.1709   3.733721    34.7838    3.13172    -0.0099     0.0000 2.2277e+01 1.2979e+00     0.0452    34.7829  1029.3283    1495.34 0.0000e+00
      24042    534.000    530.315     9.1614     9.1592   3.732552    34.7828    3.13502    -0.0036     0.0000 2.2277e+01 1.2977e+00     0.0457    34.7817  1029.3339    1495.31 0.0000e+00
      24077    535.000    531.310     9.1487     9.1465   3.731334    34.7816    3.13046    -0.0029     0.0000 2.2277e+01 1.2977e+00     0.0458    34.7808  1029.3399    1495.28 0.0000e+00
      24235    536.000    532.301     9.1426     9.1405   3.730733    34.7807    3.12781    -0.0039     0.0000 2.2277e+01 1.2978e+00     0.0457    34.7800  1029.3449    1495.28 0.0000e+00
      24286    537.000    533.294     9.1299     9.1277   3.729456    34.7798    3.12067    -0.0036     0.0000 2.2277e+01 1.2976e+00     0.0457    34.7787  1029.3505    1495.24 0.0000e+00
      24319    538.000    534.281     9.1071     9.1049   3.727411    34.7796    3.12439    -0.0038     0.0000 2.2277e+01 1.2977e+00     0.0457    34.7791  1029.3592    1495.18 0.0000e+00
      24422    539.000    535.279     9.0999     9.0977   3.726707    34.7792    3.11586    -0.0035     0.0000 2.2277e+01 1.2977e+00     0.0457    34.7783  1029.3644    1495.17 0.0000e+00
      24495    540.000    536.269     9.0871     9.0850   3.725547    34.7793    3.11029    -0.0057     0.0000 2.2277e+01 1.2976e+00     0.0456    34.7782  1029.3710    1495.13 0.0000e+00
      24573    541.000    537.258     9.0638     9.0617   3.723570    34.7805    3.09331    -0.0099     0.0000 2.2277e+01 1.2976e+00     0.0452    34.7798  1029.3807    1495.07 0.0000e+00
      24636    542.000    538.250     9.0579     9.0557   3.723029    34.7804    3.07853    -0.0050     0.0000 2.2277e+01 1.2976e+00     0.0456    34.7795  1029.3860    1495.06 0.0000e+00
      24692    543.000    539.242     9.0468     9.0446   3.722028    34.7805    3.07499    -0.0038     0.0000 2.2277e+01 1.2976e+00     0.0457    34.7795  1029.3924    1495.04 0.0000e+00
      24800    544.000    540.237     9.0320     9.0298   3.720629    34.7797    3.06217    -0.0064     0.0000 2.2277e+01 1.2976e+00     0.0455    34.7788  1029.3989    1495.00 0.0000e+00
      24845    545.000    541.225     9.0226     9.0204   3.719758    34.7791    3.05647    -0.0049     0.0000 2.2277e+01 1.2976e+00     0.0456    34.7784  1029.4047    1494.98 0.0000e+00
      24969    546.000    542.228     9.0109     9.0088   3.718594    34.7780    3.04313    -0.0085     0.0000 2.2277e+01 1.2976e+00     0.0454    34.7771  1029.4102    1494.95 0.0000e+00
      25066    547.000    543.210     8.9784     8.9762   3.715473    34.7767    3.03614    -0.0179     0.0000 2.2277e+01 1.2976e+00     0.0446    34.7758  1029.4192    1494.85 0.0000e+00
      25090    548.000    544.203     8.9753     8.9731   3.715186    34.7765    3.03212    -0.0182     0.0000 2.2277e+01 1.2976e+00     0.0446    34.7753  1029.4239    1494.85 0.0000e+00
      25194    549.000    545.197     8.9693     8.9672   3.714618    34.7754    3.02492    -0.0085     0.0000 2.2277e+01 1.2976e+00     0.0454    34.7748  1029.4289    1494.85 0.0000e+00
      25272    550.000    546.186     8.9602     8.9580   3.713738    34.7747    3.02367    -0.0108     0.0000 2.2277e+01 1.2976e+00     0.0452    34.7740  1029.4344    1494.83 0.0000e+00
      25356    551.000    547.178     8.9530     8.9508   3.713052    34.7741    3.01872    -0.0085     0.0000 2.2277e+01 1.2973e+00     0.0454    34.7734  1029.4397    1494.82 0.0000e+00
      25400    552.000    548.167     8.9449     8.9427   3.712327    34.7738    3.02015    -0.0040     0.0000 2.2277e+01 1.2976e+00     0.0457    34.7733  1029.4454    1494.80 0.0000e+00
      25445    553.000    549.160     8.9408     8.9386   3.711946    34.7734    3.01942    -0.0068     0.0000 2.2277e+01 1.2976e+00     0.0455    34.7728  1029.4503    1494.80 0.0000e+00
      25580    554.000    550.154     8.9384     8.9362   3.711761    34.7731    3.00817    -0.0068     0.0000 2.2277e+01 1.2975e+00     0.0455    34.7728  1029.4552    1494.81 0.0000e+00
      25637    555.000    551.143     8.9336     8.9315   3.711321    34.7729    3.00622    -0.0060     0.0000 2.2277e+01 1.2976e+00     0.0455    34.7724  1029.4602    1494.81 0.0000e+00
      25674    556.000    552.138     8.9209     8.9187   3.710105    34.7722    3.00955    -0.0053     0.0000 2.2277e+01 1.2975e+00     0.0456    34.7716  1029.4662    1494.78 0.0000e+00
      25823    557.000    553.122     8.9119     8.9097   3.709170    34.7705    3.00879    -0.0057     0.0000 2.2277e+01 1.2976e+00     0.0456    34.7701  1029.4711    1494.76 0.0000e+00
      25862    558.000    554.119     8.9122     8.9100   3.709245    34.7705    3.00855    -0.0082     0.0000 2.2277e+01 1.2975e+00     0.0454    34.7702  1029.4756    1494.78 0.0000e+00
      25923    559.000    555.114     8.9118     8.9097   3.709254    34.7704    3.00890    -0.0074     0.0000 2.2277e+01 1.2971e+00     0.0454    34.7702  1029.4802    1494.79 0.0000e+00
      26076    560.000    556.100     8.9129     8.9108   3.709426    34.7705    3.01048    -0.0063     0.0000 2.2277e+01 1.2974e+00     0.0455    34.7704  1029.4847    1494.81 0.0000e+00
      26105    561.000    557.093     8.9128     8.9107   3.709469    34.7706    3.00826    -0.0076     0.0000 2.2277e+01 1.2972e+00     0.0454    34.7705  1029.4892    1494.83 0.0000e+00
      26144    562.000    558.085     8.9128     8.9107   3.709507    34.7705    3.00730    -0.0069     0.0000 2.2277e+01 1.2971e+00     0.0455    34.7705  1029.4937    1494.85 0.0000e+00
      26304    563.000    559.078     8.9125     8.9104   3.709506    34.7703    3.00234    -0.0071     0.0000 2.2277e+01 1.2975e+00     0.0455    34.7703  1029.4981    1494.86 0.0000e+00
      26366    564.000    560.068     8.9122     8.9100   3.709511    34.7702    3.00711    -0.0097     0.0000 2.2277e+01 1.2970e+00     0.0453    34.7702  1029.5026    1494.88 0.0000e+00
      26422    565.000    561.062     8.9114     8.9092   3.709458    34.7700    3.00865    -0.0111     0.0000 2.2277e+01 1.2969e+00     0.0452    34.7700  1029.5070    1494.89 0.0000e+00
      26565    566.000    562.050     8.9131     8.9110   3.709654    34.7699    3.00569    -0.0125     0.0000 2.2277e+01 1.2964e+00     0.0450    34.7699  1029.5111    1494.91 0.0000e+00
      26616    567.000    563.042     8.9122     8.9100   3.709618    34.7700    3.00770    -0.0100     0.0000 2.2277e+01 1.2967e+00     0.0452    34.7700  1029.5159    1494.93 0.0000e+00
      26722    568.000    564.034     8.9126     8.9104   3.709706    34.7700    3.00828    -0.0105     0.0000 2.2221e+01 1.2967e+00     0.0452    34.7700  1029.5204    1494.94 0.0000e+00
      26829    569.000    565.028     8.9124     8.9103   3.709715    34.7697    3.00713    -0.0055     0.0000 2.2276e+01 1.2963e+00     0.0456    34.7698  1029.5247    1494.96 0.0000e+00
      26866    570.000    566.019     8.9133     8.9111   3.709850    34.7700    3.00745    -0.0048     0.0000 2.2277e+01 1.2963e+00     0.0456    34.7700  1029.5292    1494.98 0.0000e+00
      27017    571.000    567.009     8.9139     8.9118   3.709953    34.7699    3.00678    -0.0097     0.0000 2.2277e+01 1.2964e+00     0.0453    34.7700  1029.5336    1495.00 0.0000e+00
      27058    572.000    568.003     8.9140     8.9118   3.710009    34.7700    3.00617    -0.0206     0.0000 2.2277e+01 1.2964e+00     0.0444    34.7700  1029.5381    1495.02 0.0000e+00
      27133    573.000    568.988     8.9140     8.9118   3.710057    34.7701    3.00569    -0.0096     0.0000 2.2277e+01 1.2959e+00     0.0453    34.7701  1029.5426    1495.03 0.0000e+00
      27270    574.000    569.983     8.9142     8.9120   3.710113    34.7700    3.00882    -0.0110     0.0000 2.2277e+01 1.2959e+00     0.0452    34.7700  1029.5470    1495.05 0.0000e+00
      27316    575.000    570.976     8.9136     8.9114   3.710103    34.7701    3.01006    -0.0080     0.0000 2.2277e+01 1.2959e+00     0.0454    34.7700  1029.5516    1495.06 0.0000e+00
      27350    576.000    571.968     8.9139     8.9118   3.710189    34.7701    3.00729    -0.0128     0.0000 2.2277e+01 1.2960e+00     0.0450    34.7701  1029.5561    1495.08 0.0000e+00
      27478    577.000    572.961     8.9146     8.9124   3.710285    34.7700    3.00074    -0.0088     0.0000 2.2277e+01 1.2959e+00     0.0453    34.7700  1029.5605    1495.10 0.0000e+00
      27542    578.000    573.953     8.9137     8.9115   3.710232    34.7699    2.99923    -0.0058     0.0000 2.2277e+01 1.2959e+00     0.0456    34.7699  1029.5650    1495.11 0.0000e+00
      27651    579.000    574.940     8.9058     8.9037   3.709484    34.7695    3.00173    -0.0120     0.0000 2.2277e+01 1.2960e+00     0.0451    34.7693  1029.5704    1495.10 0.0000e+00
      27722    580.000    575.938     8.9021     8.9000   3.709150    34.7692    3.00497    -0.0131     0.0000 2.2277e+01 1.2957e+00     0.0450    34.7689  1029.5752    1495.10 0.0000e+00
      27812    581.000    576.927     8.8984     8.8963   3.708810    34.7687    3.00301    -0.0045     0.0000 2.2277e+01 1.2956e+00     0.0457    34.7685  1029.5800    1495.10 0.0000e+00
      27847    582.000    577.919     8.8958     8.8937   3.708562    34.7683    2.99852    -0.0080     0.0000 2.2277e+01 1.2958e+00     0.0454    34.7680  1029.5846    1495.11 0.0000e+00
      27915    583.000    578.911     8.8879     8.8857   3.707710    34.7672    3.00269    -0.0144     0.0000 2.2277e+01 1.2956e+00     0.0449    34.7664  1029.5891    1495.10 0.0000e+00
      28027    584.000    579.900     8.8624     8.8603   3.705138    34.7639    3.00649    -0.0183     0.0000 2.2277e+01 1.2955e+00     0.0446    34.7638  1029.5960    1495.02 0.0000e+00
      28058    585.000    580.892     8.8552     8.8530   3.704349    34.7631    3.01178    -0.0183     0.0000 2.2277e+01 1.2955e+00     0.0446    34.7622  1029.6004    1495.00 0.0000e+00
      28138    586.000    581.890     8.8470     8.8449   3.703589    34.7624    3.02484    -0.0151     0.0000 2.2277e+01 1.2956e+00     0.0448    34.7617  1029.6060    1494.99 0.0000e+00
      28245    587.000    582.876     8.8275     8.8254   3.701634    34.7610    3.02607    -0.0060     0.0000 2.2277e+01 1.2955e+00     0.0455    34.7598  1029.6123    1494.93 0.0000e+00
      28288    588.000    583.868     8.8142     8.8121   3.700434    34.7607    3.02591    -0.0169     0.0000 2.2277e+01 1.2955e+00     0.0447    34.7597  1029.6190    1494.90 0.0000e+00
      28343    589.000    584.855     8.8046     8.8025   3.699635    34.7612    3.02177    -0.0140     0.0000 2.2277e+01 1.2955e+00     0.0449    34.7603  1029.6255    1494.88 0.0000e+00
      28430    590.000    585.850     8.7895     8.7874   3.698279    34.7612    3.00573    -0.0075     0.0000 2.2277e+01 1.2956e+00     0.0454    34.7603  1029.6327    1494.84 0.0000e+00
      28534    591.000    586.843     8.7766     8.7745   3.697103    34.7610    2.99180    -0.0124     0.0000 2.2277e+01 1.2955e+00     0.0451    34.7601  1029.6392    1494.81 0.0000e+00
      28569    592.000    587.834     8.7699     8.7678   3.696517    34.7609    2.98766    -0.0125     0.0000 2.2277e+01 1.2956e+00     0.0450    34.7601  1029.6448    1494.80 0.0000e+00
      28653    593.000    588.829     8.7596     8.7575   3.695556    34.7612    2.97949    -0.0084     0.0000 2.2277e+01 1.2955e+00     0.0454    34.7596  1029.6507    1494.78 0.0000e+00
      28754    594.000    589.819     8.7232     8.7211   3.692525    34.7636    2.96861    -0.0093     0.0000 2.2277e+01 1.2956e+00     0.0453    34.7629  1029.6639    1494.66 0.0000e+00
      28806    595.000    590.807     8.7028     8.7007   3.690678    34.7643    2.94535    -0.0118     0.0000 2.2277e+01 1.2955e+00     0.0451    34.7630  1029.6719    1494.60 0.0000e+00
      28886    596.000    591.801     8.6934     8.6913   3.689873    34.7643    2.90724    -0.0056     0.0000 2.2277e+01 1.2955e+00     0.0456    34.7632  1029.6782    1494.59 0.0000e+00
      28998    597.000    592.795     8.6908     8.6888   3.689697    34.7641    2.88457    -0.0116     0.0000 2.2277e+01 1.2956e+00     0.0451    34.7634  1029.6832    1494.59 0.0000e+00
      29056    598.000    593.783     8.6798     8.6777   3.688783    34.7645    2.87931    -0.0174     0.0000 2.2277e+01 1.2955e+00     0.0447    34.7641  1029.6902    1494.57 0.0000e+00
