data/dstn054.cnv
* Sea-Bird SBE 9 Data File:
* FileName = C:\ctddata\alg130\stn054.dat
* Software Version Seasave Win32 V 5.27b
* Temperature SN = 2949
* Conductivity SN = 2919
* Number of Bytes Per Scan = 27
* Number of Voltage Words = 5
* Number of Scans Averaged by the Deck Unit = 1
* NMEA Latitude = 08 49.77 S
* NMEA Longitude = 039 49.31 E
* NMEA UTC (Time) = 15:35:39
** Ship:       Algoa
** Cruise:     Coelacanth
** Station:    C08739
** Grid: C-054
** Latitude: 08 50.00 S
** Longitude: 39 49.38 E
** Operator: Tammy
# nquan = 17
# nvalues = 651                         
# units = specified
# name 0 = scan: Scan Count
# name 1 = prDM: Pressure, Digiquartz [db]
# name 2 = depSM: Depth [salt water, m]
# name 3 = t068C: Temperature [ITS-68, deg C]
# name 4 = t090C: Temperature [ITS-90, deg C]
# name 5 = c0S/m: Conductivity [S/m]
# name 6 = sal00: Salinity [PSU]
# name 7 = sbeox0ML/L: Oxygen, SBE 43 [ml/l]
# name 8 = flECO-AFL: Fluorescence, Wetlab ECO-AFL/FL [mg/m^3]
# name 9 = obs: OBS, Backscatterance (D + A) [NTU]
# name 10 = spar: SPAR/Surface Irradiance
# name 11 = par: PAR/Irradiance, Biospherical/Licor
# name 12 = v2: Voltage 2
# name 13 = sal00: Salinity [PSU]
# name 14 = density00: Density [density, Kg/m^3]
# name 15 = svCM: Sound Velocity [Chen-Millero, m/s]
# name 16 = flag: flag
# span 0 =        195,      34196       
# span 1 =      4.000,    654.000       
# span 2 =      3.976,    649.300       
# span 3 =     8.3546,    25.1128       
# span 4 =     8.3526,    25.1067       
# span 5 =   3.660642,   5.299163       
# span 6 =    34.7590,    35.3059       
# span 7 =    2.40808,    4.66835       
# span 8 =    -0.0256,     2.1060       
# span 9 =     0.0000,     0.0000       
# span 10 = 2.2113e+01, 2.6351e+01      
# span 11 = 1.2810e+00, 1.3835e+00      
# span 12 =     0.0440,     0.2113      
# span 13 =    34.7583,    35.3048      
# span 14 =  1023.2183,  1029.9934      
# span 15 =    1494.27,    1534.76      
# span 16 = 0.0000e+00, 0.0000e+00      
# interval = decibars: 1                
# start_time = Aug 19 2004 17:39:39
# bad_flag = -9.990e-29
*END*
        195      4.000      3.976    25.1128    25.1067   5.299163    34.8575    4.63905     1.5259     0.0000 2.6328e+01 1.3835e+00     0.1658    34.8574  1023.2183    1534.58 0.0000e+00
        591      5.000      4.974    25.1070    25.1010   5.298640    34.8578    4.63416     1.4999     0.0000 2.6328e+01 1.3681e+00     0.1637    34.8577  1023.2245    1534.58 0.0000e+00
        642      6.000      5.965    25.1055    25.0995   5.298535    34.8578    4.63617     1.5252     0.0000 2.6328e+01 1.3534e+00     0.1657    34.8577  1023.2293    1534.59 0.0000e+00
        687      7.000      6.960    25.1046    25.0986   5.298500    34.8579    4.63355     1.5775     0.0000 2.6328e+01 1.3458e+00     0.1698    34.8578  1023.2340    1534.61 0.0000e+00
        710      8.000      7.957    25.1057    25.0997   5.298660    34.8579    4.63730     1.4820     0.0000 2.6328e+01 1.3397e+00     0.1623    34.8579  1023.2380    1534.63 0.0000e+00
        733      9.000      8.950    25.1066    25.1005   5.298768    34.8578    4.63935     1.4640     0.0000 2.6328e+01 1.3335e+00     0.1610    34.8577  1023.2419    1534.65 0.0000e+00
        773     10.000      9.944    25.1053    25.0992   5.298686    34.8577    4.64002     1.4511     0.0000 2.6328e+01 1.3287e+00     0.1599    34.8578  1023.2467    1534.66 0.0000e+00
        812     11.000     10.938    25.1082    25.1022   5.298984    34.8575    4.64781     1.6491     0.0000 2.6328e+01 1.3245e+00     0.1755    34.8574  1023.2498    1534.68 0.0000e+00
        835     12.000     11.932    25.1029    25.0969   5.298458    34.8571    4.63988     1.4952     0.0000 2.6328e+01 1.3204e+00     0.1634    34.8573  1023.2556    1534.69 0.0000e+00
        855     13.000     12.926    25.1023    25.0963   5.298464    34.8574    4.63959     1.5083     0.0000 2.6328e+01 1.3174e+00     0.1644    34.8574  1023.2602    1534.70 0.0000e+00
        877     14.000     13.921    25.1063    25.1003   5.298890    34.8574    4.64211     1.5099     0.0000 2.6246e+01 1.3138e+00     0.1645    34.8572  1023.2632    1534.73 0.0000e+00
        908     15.000     14.914    25.1050    25.0990   5.298758    34.8572    4.65615     1.5172     0.0000 2.6332e+01 1.3111e+00     0.1651    34.8569  1023.2677    1534.74 0.0000e+00
        940     16.000     15.909    25.0962    25.0902   5.297817    34.8565    4.65184     1.6590     0.0000 2.6328e+01 1.3079e+00     0.1762    34.8564  1023.2743    1534.74 0.0000e+00
        961     17.000     16.904    25.0987    25.0926   5.298014    34.8572    4.65579     1.5999     0.0000 2.6328e+01 1.3056e+00     0.1716    34.8556  1023.2773    1534.76 0.0000e+00
        982     18.000     17.898    25.0757    25.0696   5.295850    34.8570    4.64716     1.5477     0.0000 2.6328e+01 1.3022e+00     0.1675    34.8570  1023.2896    1534.72 0.0000e+00
       1024     19.000     18.893    25.0599    25.0539   5.294139    34.8567    4.64323     1.7497     0.0000 2.6328e+01 1.3001e+00     0.1833    34.8562  1023.2981    1534.70 0.0000e+00
       1064     20.000     19.885    25.0558    25.0498   5.293625    34.8568    4.65401     1.9491     0.0000 2.6328e+01 1.2977e+00     0.1990    34.8553  1023.3030    1534.71 0.0000e+00
       1087     21.000     20.880    25.0165    25.0105   5.289404    34.8560    4.66748     1.9233     0.0000 2.6328e+01 1.2956e+00     0.1970    34.8539  1023.3182    1534.63 0.0000e+00
       1106     22.000     21.875    24.9415    24.9355   5.282466    34.8614    4.66835     1.7059     0.0000 2.6328e+01 1.2935e+00     0.1799    34.8601  1023.3499    1534.47 0.0000e+00
       1127     23.000     22.871    24.9403    24.9343   5.282148    34.8609    4.65752     2.0102     0.0000 2.6328e+01 1.2920e+00     0.2038    34.8583  1023.3533    1534.48 0.0000e+00
       1182     24.000     23.863    24.9315    24.9255   5.281525    34.8625    4.61606     2.0418     0.0000 2.6328e+01 1.2902e+00     0.2063    34.8602  1023.3617    1534.48 0.0000e+00
       1224     25.000     24.857    24.9100    24.9040   5.280292    34.8692    4.59626     2.0732     0.0000 2.6328e+01 1.2890e+00     0.2087    34.8673  1023.3780    1534.45 0.0000e+00
       1241     26.000     25.853    24.9054    24.8994   5.280049    34.8705    4.58267     2.1060     0.0000 2.6328e+01 1.2878e+00     0.2113    34.8688  1023.3847    1534.46 0.0000e+00
       1257     27.000     26.845    24.9051    24.8991   5.280250    34.8721    4.56540     1.6550     0.0000 2.6328e+01 1.2869e+00     0.1759    34.8702  1023.3902    1534.48 0.0000e+00
       1300     28.000     27.840    24.8984    24.8924   5.279780    34.8739    4.52236     1.4259     0.0000 2.6328e+01 1.2853e+00     0.1579    34.8715  1023.3976    1534.48 0.0000e+00
       1354     29.000     28.836    24.8537    24.8477   5.275984    34.8791    4.48060     1.2928     0.0000 2.6328e+01 1.2849e+00     0.1475    34.8776  1023.4200    1534.39 0.0000e+00
       1371     30.000     29.828    24.8174    24.8114   5.272558    34.8824    4.47026     1.1242     0.0000 2.6208e+01 1.2832e+00     0.1342    34.8798  1023.4370    1534.32 0.0000e+00
       1387     31.000     30.827    24.7905    24.7846   5.269886    34.8832    4.45035     0.8450     0.0000 2.6324e+01 1.2830e+00     0.1123    34.8804  1023.4499    1534.28 0.0000e+00
       1422     32.000     31.818    24.7564    24.7505   5.266178    34.8825    4.41063     0.6499     0.0000 2.6328e+01 1.2830e+00     0.0970    34.8789  1023.4634    1534.21 0.0000e+00
       1471     33.000     32.812    24.7253    24.7193   5.263060    34.8822    4.39823     0.5599     0.0000 2.6328e+01 1.2830e+00     0.0900    34.8795  1023.4775    1534.15 0.0000e+00
       1499     34.000     33.806    24.7211    24.7151   5.262648    34.8820    4.39578     0.5697     0.0000 2.6328e+01 1.2830e+00     0.0908    34.8793  1023.4830    1534.16 0.0000e+00
       1526     35.000     34.801    24.7151    24.7092   5.262140    34.8823    4.37881     0.5451     0.0000 2.6328e+01 1.2829e+00     0.0888    34.8799  1023.4895    1534.16 0.0000e+00
       1576     36.000     35.798    24.7056    24.6996   5.261300    34.8824    4.37057     0.5143     0.0000 2.6328e+01 1.2830e+00     0.0864    34.8807  1023.4973    1534.16 0.0000e+00
       1624     37.000     36.789    24.6956    24.6897   5.260355    34.8826    4.36484     0.5286     0.0000 2.6328e+01 1.2829e+00     0.0875    34.8810  1023.5049    1534.15 0.0000e+00
       1644     38.000     37.781    24.6870    24.6810   5.259585    34.8832    4.36394     0.5004     0.0000 2.6199e+01 1.2820e+00     0.0853    34.8817  1023.5123    1534.15 0.0000e+00
       1660     39.000     38.781    24.6863    24.6803   5.259556    34.8832    4.36532     0.4539     0.0000 2.6331e+01 1.2824e+00     0.0816    34.8817  1023.5168    1534.16 0.0000e+00
       1676     40.000     39.771    24.6858    24.6799   5.259524    34.8829    4.36580     0.4408     0.0000 2.6328e+01 1.2823e+00     0.0806    34.8815  1023.5212    1534.18 0.0000e+00
       1750     41.000     40.768    24.6862    24.6803   5.259624    34.8824    4.36132     0.4607     0.0000 2.6328e+01 1.2818e+00     0.0821    34.8816  1023.5254    1534.19 0.0000e+00
       1788     42.000     41.759    24.6864    24.6805   5.259711    34.8824    4.36305     0.5113     0.0000 2.6328e+01 1.2820e+00     0.0862    34.8818  1023.5298    1534.21 0.0000e+00
       1812     43.000     42.754    24.6868    24.6809   5.259816    34.8825    4.36352     0.4697     0.0000 2.6328e+01 1.2812e+00     0.0828    34.8819  1023.5341    1534.23 0.0000e+00
       1840     44.000     43.750    24.6873    24.6814   5.259891    34.8823    4.36733     0.4558     0.0000 2.6204e+01 1.2814e+00     0.0818    34.8818  1023.5382    1534.25 0.0000e+00
       1880     45.000     44.741    24.6877    24.6817   5.259979    34.8822    4.35843     0.4815     0.0000 2.6330e+01 1.2812e+00     0.0838    34.8818  1023.5424    1534.26 0.0000e+00
       1920     46.000     45.736    24.6869    24.6809   5.259942    34.8822    4.35922     0.5848     0.0000 2.6328e+01 1.2812e+00     0.0919    34.8819  1023.5470    1534.28 0.0000e+00
       1946     47.000     46.729    24.6828    24.6768   5.259570    34.8823    4.35371     0.4816     0.0000 2.6328e+01 1.2811e+00     0.0838    34.8819  1023.5526    1534.29 0.0000e+00
       1975     48.000     47.726    24.6797    24.6737   5.259280    34.8823    4.34434     0.4765     0.0000 2.6328e+01 1.2813e+00     0.0834    34.8819  1023.5578    1534.30 0.0000e+00
       2011     49.000     48.721    24.6774    24.6715   5.259111    34.8823    4.34677     0.4691     0.0000 2.6328e+01 1.2812e+00     0.0828    34.8820  1023.5629    1534.31 0.0000e+00
       2054     50.000     49.714    24.6759    24.6700   5.259008    34.8824    4.35169     0.4819     0.0000 2.6328e+01 1.2811e+00     0.0838    34.8821  1023.5677    1534.32 0.0000e+00
       2087     51.000     50.708    24.6739    24.6679   5.258841    34.8824    4.34294     0.4708     0.0000 2.6328e+01 1.2811e+00     0.0829    34.8821  1023.5727    1534.33 0.0000e+00
       2119     52.000     51.704    24.6743    24.6684   5.258899    34.8822    4.33545     0.4665     0.0000 2.6328e+01 1.2810e+00     0.0826    34.8819  1023.5767    1534.35 0.0000e+00
       2153     53.000     52.695    24.6741    24.6682   5.258947    34.8823    4.33903     0.4712     0.0000 2.6328e+01 1.2810e+00     0.0830    34.8820  1023.5812    1534.37 0.0000e+00
       2178     54.000     53.690    24.6738    24.6679   5.258962    34.8823    4.33713     0.4787     0.0000 2.6328e+01 1.2811e+00     0.0836    34.8821  1023.5856    1534.38 0.0000e+00
       2228     55.000     54.683    24.6733    24.6674   5.258953    34.8822    4.33562     0.4238     0.0000 2.6328e+01 1.2814e+00     0.0793    34.8821  1023.5901    1534.40 0.0000e+00
       2271     56.000     55.679    24.6742    24.6683   5.259099    34.8823    4.33008     0.4404     0.0000 2.6328e+01 1.2813e+00     0.0806    34.8822  1023.5942    1534.42 0.0000e+00
       2289     57.000     56.670    24.6747    24.6687   5.259180    34.8822    4.33053     0.4321     0.0000 2.6328e+01 1.2810e+00     0.0799    34.8821  1023.5983    1534.43 0.0000e+00
       2314     58.000     57.668    24.6749    24.6690   5.259234    34.8821    4.32954     0.4354     0.0000 2.6259e+01 1.2812e+00     0.0802    34.8820  1023.6025    1534.45 0.0000e+00
       2359     59.000     58.660    24.6749    24.6690   5.259272    34.8821    4.33969     0.4288     0.0000 2.6332e+01 1.2814e+00     0.0797    34.8820  1023.6068    1534.47 0.0000e+00
       2385     60.000     59.654    24.6718    24.6659   5.259038    34.8824    4.34169     0.4518     0.0000 2.6328e+01 1.2811e+00     0.0815    34.8823  1023.6122    1534.48 0.0000e+00
       2412     61.000     60.648    24.6694    24.6635   5.258828    34.8824    4.34357     0.4817     0.0000 2.6328e+01 1.2812e+00     0.0838    34.8823  1023.6172    1534.49 0.0000e+00
       2478     62.000     61.644    24.6639    24.6580   5.258285    34.8824    4.31448     0.4198     0.0000 2.6328e+01 1.2819e+00     0.0790    34.8822  1023.6232    1534.49 0.0000e+00
       2517     63.000     62.636    24.6614    24.6554   5.258097    34.8826    4.32112     0.4520     0.0000 2.6328e+01 1.2820e+00     0.0815    34.8825  1023.6284    1534.50 0.0000e+00
       2541     64.000     63.631    24.6589    24.6530   5.257811    34.8824    4.32803     0.4838     0.0000 2.6328e+01 1.2814e+00     0.0839    34.8819  1023.6331    1534.51 0.0000e+00
       2559     65.000     64.623    24.6503    24.6444   5.256988    34.8827    4.33360     0.4491     0.0000 2.6328e+01 1.2818e+00     0.0813    34.8821  1023.6401    1534.51 0.0000e+00
       2576     66.000     65.619    24.6286    24.6227   5.254536    34.8831    4.33222     0.4419     0.0000 2.6328e+01 1.2816e+00     0.0807    34.8803  1023.6496    1534.47 0.0000e+00
       2639     67.000     66.608    24.5442    24.5383   5.246770    34.8892    4.30243     0.3773     0.0000 2.6147e+01 1.2819e+00     0.0756    34.8875  1023.6848    1534.29 0.0000e+00
       2673     68.000     67.606    24.4936    24.4877   5.242226    34.8947    4.30472     0.3143     0.0000 2.6331e+01 1.2822e+00     0.0707    34.8925  1023.7081    1534.19 0.0000e+00
       2710     69.000     68.602    24.4702    24.4643   5.240096    34.8968    4.28584     0.3183     0.0000 2.6328e+01 1.2827e+00     0.0710    34.8944  1023.7209    1534.15 0.0000e+00
       2771     70.000     69.593    24.4631    24.4573   5.239449    34.8970    4.25376     0.2962     0.0000 2.6328e+01 1.2830e+00     0.0693    34.8948  1023.7276    1534.15 0.0000e+00
       2786     71.000     70.591    24.4551    24.4493   5.238791    34.8977    4.25018     0.2888     0.0000 2.6328e+01 1.2830e+00     0.0687    34.8957  1023.7350    1534.15 0.0000e+00
       2801     72.000     71.579    24.4476    24.4417   5.237858    34.8980    4.24847     0.2985     0.0000 2.6328e+01 1.2830e+00     0.0694    34.8943  1023.7406    1534.14 0.0000e+00
       2831     73.000     72.578    24.4153    24.4095   5.235065    34.8997    4.23422     0.2940     0.0000 2.5948e+01 1.2830e+00     0.0691    34.8982  1023.7575    1534.09 0.0000e+00
       2890     74.000     73.571    24.3933    24.3875   5.232795    34.9005    4.23426     0.2795     0.0000 2.6351e+01 1.2830e+00     0.0680    34.8979  1023.7682    1534.05 0.0000e+00
       2911     75.000     74.564    24.3497    24.3438   5.228582    34.9033    4.22825     0.3165     0.0000 2.6328e+01 1.2830e+00     0.0708    34.9000  1023.7872    1533.96 0.0000e+00
       2954     76.000     75.560    24.2870    24.2812   5.222782    34.9079    4.21139     0.3373     0.0000 2.6208e+01 1.2832e+00     0.0725    34.9050  1023.8140    1533.83 0.0000e+00
       2995     77.000     76.554    24.2562    24.2503   5.219688    34.9093    4.18934     0.3220     0.0000 2.6331e+01 1.2838e+00     0.0713    34.9055  1023.8279    1533.77 0.0000e+00
       3017     78.000     77.547    24.2027    24.1969   5.214487    34.9125    4.18023     0.3041     0.0000 2.6328e+01 1.2849e+00     0.0699    34.9077  1023.8499    1533.66 0.0000e+00
       3038     79.000     78.539    24.1232    24.1174   5.206777    34.9186    4.18208     0.3006     0.0000 2.6328e+01 1.2851e+00     0.0696    34.9115  1023.8807    1533.48 0.0000e+00
       3060     80.000     79.536    23.9881    23.9824   5.194433    34.9292    4.17709     0.3033     0.0000 2.6190e+01 1.2850e+00     0.0698    34.9237  1023.9344    1533.18 0.0000e+00
       3113     81.000     80.531    23.9483    23.9426   5.190424    34.9306    4.13122     0.3042     0.0000 2.5990e+01 1.2855e+00     0.0699    34.9243  1023.9510    1533.10 0.0000e+00
       3157     82.000     81.525    23.9330    23.9273   5.188943    34.9305    4.10030     0.3883     0.0000 2.6181e+01 1.2868e+00     0.0765    34.9247  1023.9602    1533.07 0.0000e+00
       3182     83.000     82.516    23.8923    23.8866   5.185199    34.9327    4.08402     0.3498     0.0000 2.6087e+01 1.2872e+00     0.0734    34.9280  1023.9790    1532.99 0.0000e+00
       3211     84.000     83.512    23.8705    23.8648   5.183035    34.9336    4.08028     0.3797     0.0000 2.5811e+01 1.2872e+00     0.0758    34.9284  1023.9901    1532.96 0.0000e+00
       3243     85.000     84.505    23.8187    23.8130   5.178013    34.9361    4.07354     0.3226     0.0000 2.5787e+01 1.2872e+00     0.0713    34.9307  1024.0115    1532.85 0.0000e+00
       3271     86.000     85.499    23.7610    23.7553   5.172359    34.9384    4.05302     0.3293     0.0000 2.5512e+01 1.2876e+00     0.0718    34.9328  1024.0344    1532.72 0.0000e+00
       3300     87.000     86.494    23.7111    23.7055   5.167566    34.9413    4.03625     0.3166     0.0000 2.5314e+01 1.2884e+00     0.0708    34.9353  1024.0553    1532.62 0.0000e+00
       3340     88.000     87.490    23.5872    23.5815   5.156097    34.9522    4.01235     0.3242     0.0000 2.5650e+01 1.2890e+00     0.0714    34.9453  1024.1037    1532.33 0.0000e+00
