data/dstn054.cnv
* Sea-Bird SBE 9 Data File:
* FileName = C:\ctddata\alg130\stn054.dat
* Software Version Seasave Win32 V 5.27b
* Temperature SN = 2949
* Conductivity SN = 2919
* Number of Bytes Per Scan = 27
* Number of Voltage Words = 5
* Number of Scans Averaged by the Deck Unit = 1
* NMEA Latitude = 08 49.77 S
* NMEA Longitude = 039 49.31 E
* NMEA UTC (Time) = 15:35:39
** Ship:       Algoa
** Cruise:     Coelacanth
** Station:    C08739
** Grid: C-054
** Latitude: 08 50.00 S
** Longitude: 39 49.38 E
** Operator: Tammy
# nquan = 17
# nvalues = 651                         
# units = specified
# name 0 = scan: Scan Count
# name 1 = prDM: Pressure, Digiquartz [db]
# name 2 = depSM: Depth [salt water, m]
# name 3 = t068C: Temperature [ITS-68, deg C]
# name 4 = t090C: Temperature [ITS-90, deg C]
# name 5 = c0S/m: Conductivity [S/m]
# name 6 = sal00: Salinity [PSU]
# name 7 = sbeox0ML/L: Oxygen, SBE 43 [ml/l]
# name 8 = flECO-AFL: Fluorescence, Wetlab ECO-AFL/FL [mg/m^3]
# name 9 = obs: OBS, Backscatterance (D + A) [NTU]
# name 10 = spar: SPAR/Surface Irradiance
# name 11 = par: PAR/Irradiance, Biospherical/Licor
# name 12 = v2: Voltage 2
# name 13 = sal00: Salinity [PSU]
# name 14 = density00: Density [density, Kg/m^3]
# name 15 = svCM: Sound Velocity [Chen-Millero, m/s]
# name 16 = flag: flag
# span 0 =        195,      34196       
# span 1 =      4.000,    654.000       
# span 2 =      3.976,    649.300       
# span 3 =     8.3546,    25.1128       
# span 4 =     8.3526,    25.1067       
# span 5 =   3.660642,   5.299163       
# span 6 =    34.7590,    35.3059       
# span 7 =    2.40808,    4.66835       
# span 8 =    -0.0256,     2.1060       
# span 9 =     0.0000,     0.0000       
# span 10 = 2.2113e+01, 2.6351e+01      
# span 11 = 1.2810e+00, 1.3835e+00      
# span 12 =     0.0440,     0.2113      
# span 13 =    34.7583,    35.3048      
# span 14 =  1023.2183,  1029.9934      
# span 15 =    1494.27,    1534.76      
# span 16 = 0.0000e+00, 0.0000e+00      
# interval = decibars: 1                
# start_time = Aug 19 2004 17:39:39
# bad_flag = -9.990e-29
*END*
[from data line 426]
      17269    430.000    427.142    10.3714    10.3689   3.850456    34.8712    3.57179     0.0051     0.0000 2.2600e+01 1.3040e+00     0.0464    34.8711  1028.7219    1498.08 0.0000e+00
      17294    431.000    428.133    10.3708    10.3683   3.850413    34.8711    3.57176     0.0045     0.0000 2.2366e+01 1.3040e+00     0.0464    34.8708  1028.7262    1498.10 0.0000e+00
      17389    432.000    429.124    10.3678    10.3653   3.850124    34.8704    3.57869     0.0046     0.0000 2.2276e+01 1.3039e+00     0.0464    34.8703  1028.7308    1498.10 0.0000e+00
      17469    433.000    430.118    10.3674    10.3649   3.850127    34.8703    3.58241     0.0045     0.0000 2.2277e+01 1.3040e+00     0.0464    34.8702  1028.7354    1498.12 0.0000e+00
      17500    434.000    431.110    10.3676    10.3651   3.850179    34.8702    3.58457     0.0034     0.0000 2.2277e+01 1.3040e+00     0.0463    34.8701  1028.7397    1498.13 0.0000e+00
      17535    435.000    432.100    10.3679    10.3654   3.850264    34.8704    3.58458     0.0030     0.0000 2.2277e+01 1.3038e+00     0.0462    34.8703  1028.7443    1498.15 0.0000e+00
      17644    436.000    433.093    10.3676    10.3651   3.850284    34.8703    3.58205     0.0028     0.0000 2.2350e+01 1.3038e+00     0.0462    34.8703  1028.7488    1498.17 0.0000e+00
      17696    437.000    434.085    10.3641    10.3616   3.850000    34.8703    3.58573     0.0051     0.0000 2.2278e+01 1.3038e+00     0.0464    34.8703  1028.7539    1498.17 0.0000e+00
      17726    438.000    435.081    10.3566    10.3541   3.849259    34.8700    3.58021    -0.0076     0.0000 2.2277e+01 1.3037e+00     0.0454    34.8695  1028.7592    1498.16 0.0000e+00
      17774    439.000    436.075    10.3451    10.3426   3.848154    34.8695    3.57585     0.0035     0.0000 2.2277e+01 1.3038e+00     0.0463    34.8689  1028.7653    1498.13 0.0000e+00
      17864    440.000    437.061    10.3260    10.3235   3.846282    34.8686    3.56044     0.0031     0.0000 2.2381e+01 1.3038e+00     0.0462    34.8679  1028.7724    1498.08 0.0000e+00
      17929    441.000    438.056    10.3174    10.3149   3.845450    34.8680    3.54906    -0.0021     0.0000 2.2346e+01 1.3030e+00     0.0458    34.8672  1028.7780    1498.07 0.0000e+00
      17974    442.000    439.048    10.3088    10.3063   3.844587    34.8669    3.54272     0.0007     0.0000 2.2349e+01 1.3033e+00     0.0461    34.8662  1028.7833    1498.05 0.0000e+00
      18002    443.000    440.040    10.3017    10.2992   3.843859    34.8659    3.53988    -0.0051     0.0000 2.2345e+01 1.3034e+00     0.0456    34.8653  1028.7883    1498.04 0.0000e+00
      18110    444.000    441.032    10.2996    10.2971   3.843673    34.8654    3.53805     0.0037     0.0000 2.2279e+01 1.3032e+00     0.0463    34.8649  1028.7929    1498.05 0.0000e+00
      18186    445.000    442.024    10.2984    10.2960   3.843594    34.8652    3.53964     0.0039     0.0000 2.2277e+01 1.3025e+00     0.0463    34.8648  1028.7975    1498.06 0.0000e+00
      18215    446.000    443.016    10.2926    10.2901   3.843063    34.8646    3.54185     0.0039     0.0000 2.2427e+01 1.3025e+00     0.0463    34.8645  1028.8028    1498.06 0.0000e+00
      18251    447.000    444.010    10.2918    10.2893   3.842971    34.8644    3.53000     0.0046     0.0000 2.2336e+01 1.3026e+00     0.0464    34.8639  1028.8070    1498.07 0.0000e+00
      18332    448.000    445.001    10.2909    10.2884   3.842937    34.8642    3.53080     0.0027     0.0000 2.2463e+01 1.3024e+00     0.0462    34.8640  1028.8117    1498.08 0.0000e+00
      18437    449.000    445.992    10.2895    10.2870   3.842833    34.8641    3.53225     0.0026     0.0000 2.2361e+01 1.3023e+00     0.0462    34.8639  1028.8163    1498.10 0.0000e+00
      18505    450.000    446.985    10.2868    10.2843   3.842595    34.8637    3.53115     0.0029     0.0000 2.2424e+01 1.3020e+00     0.0462    34.8636  1028.8211    1498.10 0.0000e+00
      18539    451.000    447.979    10.2869    10.2844   3.842605    34.8636    3.53613     0.0033     0.0000 2.2590e+01 1.3022e+00     0.0463    34.8631  1028.8252    1498.12 0.0000e+00
      18693    452.000    448.966    10.2851    10.2827   3.842475    34.8634    3.53744     0.0051     0.0000 2.2761e+01 1.3020e+00     0.0464    34.8630  1028.8299    1498.13 0.0000e+00
      18744    453.000    449.962    10.2810    10.2785   3.842093    34.8628    3.54067     0.0036     0.0000 2.2636e+01 1.3019e+00     0.0463    34.8627  1028.8349    1498.13 0.0000e+00
      18913    454.000    450.954    10.2791    10.2766   3.841908    34.8623    3.53609     0.0088     0.0000 2.2470e+01 1.3019e+00     0.0467    34.8622  1028.8393    1498.14 0.0000e+00
      18973    455.000    451.947    10.2736    10.2711   3.841351    34.8615    3.54172     0.0032     0.0000 2.2344e+01 1.3019e+00     0.0463    34.8614  1028.8441    1498.14 0.0000e+00
      19015    456.000    452.939    10.2715    10.2690   3.841155    34.8613    3.54665     0.0018     0.0000 2.2460e+01 1.3018e+00     0.0461    34.8610  1028.8487    1498.14 0.0000e+00
      19168    457.000    453.930    10.2704    10.2679   3.841072    34.8607    3.55295    -0.0006     0.0000 2.2272e+01 1.3018e+00     0.0460    34.8607  1028.8532    1498.15 0.0000e+00
      19240    458.000    454.924    10.2691    10.2667   3.840968    34.8606    3.55405     0.0040     0.0000 2.2347e+01 1.3017e+00     0.0463    34.8604  1028.8577    1498.17 0.0000e+00
      19270    459.000    455.913    10.2667    10.2643   3.840763    34.8602    3.55033     0.0052     0.0000 2.2443e+01 1.3019e+00     0.0464    34.8602  1028.8624    1498.17 0.0000e+00
      19402    460.000    456.907    10.2663    10.2638   3.840772    34.8604    3.54553     0.0018     0.0000 2.2280e+01 1.3015e+00     0.0461    34.8603  1028.8670    1498.19 0.0000e+00
      19488    461.000    457.900    10.2656    10.2631   3.840794    34.8608    3.54402     0.0023     0.0000 2.2277e+01 1.3018e+00     0.0462    34.8607  1028.8719    1498.20 0.0000e+00
      19514    462.000    458.891    10.2607    10.2582   3.840357    34.8614    3.54529     0.0028     0.0000 2.2277e+01 1.3016e+00     0.0462    34.8605  1028.8772    1498.20 0.0000e+00
      19570    463.000    459.887    10.2186    10.2162   3.836233    34.8595    3.52282     0.0134     0.0000 2.2533e+01 1.3013e+00     0.0470    34.8585  1028.8878    1498.07 0.0000e+00
      19719    464.000    460.873    10.1678    10.1654   3.830984    34.8553    3.43139     0.0007     0.0000 2.2568e+01 1.3015e+00     0.0461    34.8535  1028.8976    1497.89 0.0000e+00
      19735    465.000    461.869    10.1416    10.1392   3.828344    34.8534    3.43317     0.0044     0.0000 2.2454e+01 1.3016e+00     0.0463    34.8513  1028.9051    1497.81 0.0000e+00
      19784    466.000    462.857    10.1155    10.1131   3.825729    34.8513    3.40848    -0.0031     0.0000 2.2702e+01 1.3014e+00     0.0458    34.8494  1028.9129    1497.73 0.0000e+00
      19905    467.000    463.851    10.0983    10.0959   3.823933    34.8486    3.36883    -0.0017     0.0000 2.2344e+01 1.3007e+00     0.0459    34.8472  1028.9187    1497.69 0.0000e+00
      19977    468.000    464.841    10.0898    10.0874   3.823089    34.8474    3.37133     0.0053     0.0000 2.2517e+01 1.3010e+00     0.0464    34.8463  1028.9240    1497.67 0.0000e+00
      20014    469.000    465.837    10.0858    10.0834   3.822690    34.8466    3.37535     0.0074     0.0000 2.2493e+01 1.3008e+00     0.0466    34.8456  1028.9287    1497.67 0.0000e+00
      20042    470.000    466.825    10.0841    10.0817   3.822559    34.8464    3.38253    -0.0003     0.0000 2.2445e+01 1.3001e+00     0.0460    34.8455  1028.9334    1497.69 0.0000e+00
      20182    471.000    467.819    10.0808    10.0784   3.822286    34.8459    3.38950    -0.0102     0.0000 2.2274e+01 1.3008e+00     0.0452    34.8454  1028.9384    1497.69 0.0000e+00
      20236    472.000    468.814    10.0717    10.0693   3.821269    34.8448    3.38548     0.0025     0.0000 2.2351e+01 1.3010e+00     0.0462    34.8433  1028.9429    1497.67 0.0000e+00
      20262    473.000    469.807    10.0267    10.0243   3.816414    34.8386    3.38302     0.0024     0.0000 2.2278e+01 1.3009e+00     0.0462    34.8367  1028.9503    1497.52 0.0000e+00
      20358    474.000    470.797     9.9624     9.9600   3.809483    34.8289    3.42893     0.0012     0.0000 2.2277e+01 1.3008e+00     0.0461    34.8273  1028.9591    1497.29 0.0000e+00
      20440    475.000    471.788     9.9222     9.9198   3.805026    34.8222    3.46735     0.0035     0.0000 2.2344e+01 1.3009e+00     0.0463    34.8200  1028.9651    1497.15 0.0000e+00
      20487    476.000    472.781     9.9098     9.9074   3.803669    34.8199    3.51012     0.0046     0.0000 2.2276e+01 1.3002e+00     0.0464    34.8176  1028.9699    1497.12 0.0000e+00
      20532    477.000    473.775     9.8862     9.8839   3.801199    34.8171    3.54244    -0.0051     0.0000 2.2277e+01 1.2998e+00     0.0456    34.8145  1028.9763    1497.05 0.0000e+00
      20611    478.000    474.765     9.8539     9.8516   3.797854    34.8132    3.57335     0.0030     0.0000 2.2277e+01 1.2997e+00     0.0462    34.8110  1028.9838    1496.95 0.0000e+00
      20687    479.000    475.759     9.8286     9.8263   3.795211    34.8097    3.59524    -0.0002     0.0000 2.2277e+01 1.2997e+00     0.0460    34.8078  1028.9903    1496.87 0.0000e+00
      20708    480.000    476.750     9.8057     9.8033   3.792834    34.8069    3.59443    -0.0113     0.0000 2.2277e+01 1.2997e+00     0.0451    34.8052  1028.9968    1496.80 0.0000e+00
      20773    481.000    477.744     9.7937     9.7913   3.791483    34.8050    3.62140    -0.0094     0.0000 2.2421e+01 1.2997e+00     0.0453    34.8024  1029.0013    1496.77 0.0000e+00
      20874    482.000    478.736     9.7539     9.7515   3.787583    34.8020    3.66193    -0.0021     0.0000 2.2511e+01 1.2997e+00     0.0458    34.8003  1029.0112    1496.64 0.0000e+00
      20900    483.000    479.726     9.7267     9.7243   3.784969    34.8014    3.66027     0.0043     0.0000 2.2359e+01 1.2997e+00     0.0463    34.7993  1029.0197    1496.55 0.0000e+00
      20992    484.000    480.721     9.7014     9.6991   3.782435    34.7990    3.61763    -0.0001     0.0000 2.2278e+01 1.2997e+00     0.0460    34.7972  1029.0270    1496.48 0.0000e+00
      21046    485.000    481.712     9.6944     9.6921   3.781714    34.7978    3.60236    -0.0110     0.0000 2.2277e+01 1.2998e+00     0.0452    34.7961  1029.0319    1496.47 0.0000e+00
      21120    486.000    482.704     9.6803     9.6780   3.780194    34.7960    3.59864    -0.0029     0.0000 2.2277e+01 1.2997e+00     0.0458    34.7936  1029.0370    1496.43 0.0000e+00
      21163    487.000    483.696     9.6296     9.6273   3.775153    34.7915    3.60136    -0.0040     0.0000 2.2277e+01 1.2997e+00     0.0457    34.7902  1029.0478    1496.26 0.0000e+00
      21240    488.000    484.689     9.6245     9.6222   3.774507    34.7898    3.61874     0.0024     0.0000 2.2277e+01 1.2998e+00     0.0462    34.7880  1029.0514    1496.25 0.0000e+00
      21269    489.000    485.678     9.6137     9.6114   3.773412    34.7884    3.62007     0.0039     0.0000 2.2277e+01 1.2997e+00     0.0463    34.7867  1029.0568    1496.23 0.0000e+00
      21318    490.000    486.669     9.6077     9.6053   3.772784    34.7870    3.62023     0.0020     0.0000 2.2277e+01 1.2997e+00     0.0462    34.7857  1029.0616    1496.22 0.0000e+00
      21389    491.000    487.663     9.6036     9.6013   3.772399    34.7861    3.63906    -0.0019     0.0000 2.2341e+01 1.2997e+00     0.0459    34.7852  1029.0664    1496.22 0.0000e+00
      21435    492.000    488.656     9.5951     9.5928   3.771585    34.7856    3.64719    -0.0107     0.0000 2.2275e+01 1.2997e+00     0.0452    34.7845  1029.0719    1496.21 0.0000e+00
      21502    493.000    489.650     9.5902     9.5879   3.771213    34.7858    3.64958    -0.0060     0.0000 2.2277e+01 1.2997e+00     0.0455    34.7850  1029.0776    1496.21 0.0000e+00
      21543    494.000    490.639     9.5854     9.5831   3.770860    34.7862    3.64179    -0.0083     0.0000 2.2277e+01 1.2997e+00     0.0454    34.7856  1029.0834    1496.21 0.0000e+00
      21588    495.000    491.629     9.5880     9.5857   3.771270    34.7873    3.62610     0.0032     0.0000 2.2277e+01 1.2997e+00     0.0463    34.7868  1029.0883    1496.23 0.0000e+00
      21658    496.000    492.623     9.5930     9.5907   3.771932    34.7887    3.59710    -0.0113     0.0000 2.2277e+01 1.2997e+00     0.0451    34.7883  1029.0932    1496.27 0.0000e+00
      21719    497.000    493.618     9.5647     9.5624   3.769010    34.7859    3.57663    -0.0038     0.0000 2.2277e+01 1.2997e+00     0.0457    34.7852  1029.1002    1496.18 0.0000e+00
      21778    498.000    494.607     9.5106     9.5084   3.763226    34.7794    3.57160    -0.0039     0.0000 2.2277e+01 1.2997e+00     0.0457    34.7773  1029.1080    1495.99 0.0000e+00
      21806    499.000    495.597     9.4781     9.4758   3.759828    34.7755    3.58805     0.0030     0.0000 2.2277e+01 1.2997e+00     0.0462    34.7733  1029.1151    1495.88 0.0000e+00
      21869    500.000    496.591     9.4541     9.4518   3.757354    34.7728    3.61369     0.0030     0.0000 2.2277e+01 1.2997e+00     0.0462    34.7704  1029.1216    1495.81 0.0000e+00
      21944    501.000    497.582     9.4353     9.4330   3.755508    34.7710    3.63104     0.0017     0.0000 2.2456e+01 1.2996e+00     0.0461    34.7691  1029.1283    1495.76 0.0000e+00
      21986    502.000    498.578     9.4214     9.4191   3.754160    34.7699    3.62870     0.0025     0.0000 2.2478e+01 1.2997e+00     0.0462    34.7682  1029.1345    1495.72 0.0000e+00
      22076    503.000    499.567     9.4111     9.4089   3.753146    34.7687    3.62091    -0.0109     0.0000 2.2271e+01 1.2997e+00     0.0452    34.7672  1029.1400    1495.70 0.0000e+00
      22104    504.000    500.559     9.3951     9.3929   3.751734    34.7688    3.62631    -0.0041     0.0000 2.2404e+01 1.2997e+00     0.0457    34.7676  1029.1476    1495.66 0.0000e+00
      22162    505.000    501.548     9.3929     9.3907   3.751766    34.7707    3.60592    -0.0089     0.0000 2.2340e+01 1.2997e+00     0.0453    34.7696  1029.1540    1495.67 0.0000e+00
      22257    506.000    502.544     9.3997     9.3974   3.752757    34.7731    3.55406     0.0004     0.0000 2.2278e+01 1.2997e+00     0.0460    34.7729  1029.1599    1495.71 0.0000e+00
      22298    507.000    503.535     9.4191     9.4168   3.755255    34.7792    3.53611    -0.0043     0.0000 2.2277e+01 1.2997e+00     0.0457    34.7795  1029.1662    1495.81 0.0000e+00
      22337    508.000    504.528     9.4319     9.4297   3.756923    34.7840    3.49953    -0.0112     0.0000 2.2277e+01 1.2997e+00     0.0451    34.7838  1029.1718    1495.88 0.0000e+00
      22424    509.000    505.517     9.4098     9.4075   3.755211    34.7869    3.38777    -0.0035     0.0000 2.2359e+01 1.2995e+00     0.0457    34.7871  1029.1827    1495.82 0.0000e+00
      22444    510.000    506.512     9.4023     9.4000   3.754626    34.7884    3.37178    -0.0006     0.0000 2.2277e+01 1.2995e+00     0.0460    34.7879  1029.1891    1495.81 0.0000e+00
      22480    511.000    507.502     9.3931     9.3909   3.753946    34.7898    3.33343     0.0006     0.0000 2.2277e+01 1.2995e+00     0.0461    34.7892  1029.1963    1495.79 0.0000e+00
      22551    512.000    508.495     9.3862     9.3839   3.753492    34.7913    3.27578    -0.0023     0.0000 2.2277e+01 1.2994e+00     0.0458    34.7908  1029.2032    1495.78 0.0000e+00
      22599    513.000    509.492     9.3885     9.3863   3.754018    34.7940    3.25395    -0.0066     0.0000 2.2341e+01 1.2994e+00     0.0455    34.7935  1029.2094    1495.81 0.0000e+00
