data/dstn054.cnv
* Sea-Bird SBE 9 Data File:
* FileName = C:\ctddata\alg130\stn054.dat
* Software Version Seasave Win32 V 5.27b
* Temperature SN = 2949
* Conductivity SN = 2919
* Number of Bytes Per Scan = 27
* Number of Voltage Words = 5
* Number of Scans Averaged by the Deck Unit = 1
* NMEA Latitude = 08 49.77 S
* NMEA Longitude = 039 49.31 E
* NMEA UTC (Time) = 15:35:39
** Ship:       Algoa
** Cruise:     Coelacanth
** Station:    C08739
** Grid: C-054
** Latitude: 08 50.00 S
** Longitude: 39 49.38 E
** Operator: Tammy
# nquan = 17
# nvalues = 651                         
# units = specified
# name 0 = scan: Scan Count
# name 1 = prDM: Pressure, Digiquartz [db]
# name 2 = depSM: Depth [salt water, m]
# name 3 = t068C: Temperature [ITS-68, deg C]
# name 4 = t090C: Temperature [ITS-90, deg C]
# name 5 = c0S/m: Conductivity [S/m]
# name 6 = sal00: Salinity [PSU]
# name 7 = sbeox0ML/L: Oxygen, SBE 43 [ml/l]
# name 8 = flECO-AFL: Fluorescence, Wetlab ECO-AFL/FL [mg/m^3]
# name 9 = obs: OBS, Backscatterance (D + A) [NTU]
# name 10 = spar: SPAR/Surface Irradiance
# name 11 = par: PAR/Irradiance, Biospherical/Licor
# name 12 = v2: Voltage 2
# name 13 = sal00: Salinity [PSU]
# name 14 = density00: Density [density, Kg/m^3]
# name 15 = svCM: Sound Velocity [Chen-Millero, m/s]
# name 16 = flag: flag
# span 0 =        195,      34196       
# span 1 =      4.000,    654.000       
# span 2 =      3.976,    649.300       
# span 3 =     8.3546,    25.1128       
# span 4 =     8.3526,    25.1067       
# span 5 =   3.660642,   5.299163       
# span 6 =    34.7590,    35.3059       
# span 7 =    2.40808,    4.66835       
# span 8 =    -0.0256,     2.1060       
# span 9 =     0.0000,     0.0000       
# span 10 = 2.2113e+01, 2.6351e+01      
# span 11 = 1.2810e+00, 1.3835e+00      
# span 12 =     0.0440,     0.2113      
# span 13 =    34.7583,    35.3048      
# span 14 =  1023.2183,  1029.9934      
# span 15 =    1494.27,    1534.76      
# span 16 = 0.0000e+00, 0.0000e+00      
# interval = decibars: 1                
# start_time = Aug 19 2004 17:39:39
# bad_flag = -9.990e-29
*END*
[from data line 86]
       3401     90.000     89.474    23.4501    23.4445   5.143436    34.9638    3.93514     0.3152     0.0000 2.5124e+01 1.2895e+00     0.0707    34.9563  1024.1609    1532.04 0.0000e+00
       3436     91.000     90.469    23.3900    23.3843   5.137920    34.9687    3.91020     0.3162     0.0000 2.5698e+01 1.2904e+00     0.0708    34.9614  1024.1866    1531.91 0.0000e+00
       3464     92.000     91.463    23.3649    23.3592   5.135666    34.9703    3.89501     0.3244     0.0000 2.4893e+01 1.2912e+00     0.0714    34.9637  1024.2000    1531.86 0.0000e+00
       3495     93.000     92.456    23.3583    23.3527   5.135080    34.9700    3.87719     0.2985     0.0000 2.4587e+01 1.2914e+00     0.0694    34.9641  1024.2065    1531.86 0.0000e+00
       3532     94.000     93.450    23.3470    23.3414   5.134120    34.9702    3.86563     0.2866     0.0000 2.4754e+01 1.2923e+00     0.0685    34.9653  1024.2151    1531.85 0.0000e+00
       3568     95.000     94.445    23.3395    23.3339   5.133471    34.9702    3.85164     0.3254     0.0000 2.4882e+01 1.2934e+00     0.0716    34.9660  1024.2221    1531.85 0.0000e+00
       3599     96.000     95.439    23.3287    23.3231   5.132492    34.9706    3.84832     0.3016     0.0000 2.4752e+01 1.2934e+00     0.0697    34.9667  1024.2301    1531.84 0.0000e+00
       3624     97.000     96.432    23.2987    23.2931   5.129603    34.9719    3.85139     0.2891     0.0000 2.4808e+01 1.2934e+00     0.0687    34.9680  1024.2442    1531.78 0.0000e+00
       3653     98.000     97.423    23.2706    23.2651   5.126999    34.9735    3.84282     0.2994     0.0000 2.4880e+01 1.2935e+00     0.0695    34.9700  1024.2581    1531.73 0.0000e+00
       3696     99.000     98.417    23.2518    23.2463   5.125079    34.9739    3.82919     0.2814     0.0000 2.4396e+01 1.2943e+00     0.0681    34.9698  1024.2678    1531.70 0.0000e+00
       3727    100.000     99.414    23.1743    23.1688   5.117500    34.9778    3.83267     0.2826     0.0000 2.4854e+01 1.2949e+00     0.0682    34.9728  1024.2970    1531.52 0.0000e+00
       3758    101.000    100.412    23.0796    23.0741   5.108159    34.9810    3.81147     0.2735     0.0000 2.4478e+01 1.2955e+00     0.0675    34.9759  1024.3311    1531.30 0.0000e+00
       3805    102.000    101.406    22.9856    22.9801   5.098696    34.9834    3.76814     0.2761     0.0000 2.4616e+01 1.2955e+00     0.0677    34.9774  1024.3638    1531.08 0.0000e+00
       3832    103.000    102.395    22.9347    22.9292   5.093571    34.9854    3.74516     0.2497     0.0000 2.4766e+01 1.2955e+00     0.0656    34.9781  1024.3833    1530.97 0.0000e+00
       3853    104.000    103.390    22.8492    22.8437   5.085354    34.9907    3.73391     0.2415     0.0000 2.4584e+01 1.2960e+00     0.0649    34.9825  1024.4156    1530.77 0.0000e+00
       3888    105.000    104.383    22.7606    22.7552   5.077206    34.9972    3.70198     0.2417     0.0000 2.4381e+01 1.2968e+00     0.0650    34.9898  1024.4510    1530.57 0.0000e+00
       3939    106.000    105.377    22.6708    22.6654   5.068425    35.0026    3.66279     0.2341     0.0000 2.4363e+01 1.2976e+00     0.0644    34.9932  1024.4837    1530.36 0.0000e+00
       3965    107.000    106.370    22.5555    22.5501   5.057470    35.0081    3.64639     0.2416     0.0000 2.4471e+01 1.2979e+00     0.0650    35.0001  1024.5263    1530.08 0.0000e+00
       3992    108.000    107.365    22.4789    22.4735   5.050168    35.0124    3.62535     0.2230     0.0000 2.4370e+01 1.2987e+00     0.0635    35.0044  1024.5557    1529.91 0.0000e+00
       4027    109.000    108.360    22.4609    22.4555   5.048244    35.0122    3.58016     0.2306     0.0000 2.4302e+01 1.2996e+00     0.0641    35.0035  1024.5645    1529.88 0.0000e+00
       4060    110.000    109.352    22.4127    22.4073   5.043900    35.0155    3.56209     0.2280     0.0000 2.4369e+01 1.2998e+00     0.0639    35.0080  1024.5860    1529.77 0.0000e+00
       4096    111.000    110.347    22.3707    22.3653   5.040007    35.0181    3.54234     0.2289     0.0000 2.4363e+01 1.3006e+00     0.0640    35.0111  1024.6046    1529.68 0.0000e+00
       4141    112.000    111.340    22.3258    22.3205   5.035873    35.0210    3.51182     0.2083     0.0000 2.4516e+01 1.3014e+00     0.0624    35.0145  1024.6242    1529.59 0.0000e+00
       4170    113.000    112.335    22.2694    22.2640   5.030426    35.0257    3.50049     0.2157     0.0000 2.4302e+01 1.3019e+00     0.0630    35.0170  1024.6465    1529.46 0.0000e+00
       4194    114.000    113.328    22.1876    22.1822   5.023339    35.0333    3.48102     0.2294     0.0000 2.4302e+01 1.3021e+00     0.0640    35.0272  1024.6817    1529.28 0.0000e+00
       4228    115.000    114.323    22.1255    22.1202   5.017384    35.0382    3.44037     0.2313     0.0000 2.4432e+01 1.3023e+00     0.0642    35.0302  1024.7059    1529.13 0.0000e+00
       4276    116.000    115.315    22.0384    22.0332   5.009363    35.0450    3.39037     0.1947     0.0000 2.4365e+01 1.3035e+00     0.0613    35.0372  1024.7401    1528.93 0.0000e+00
       4307    117.000    116.310    21.9492    21.9440   5.001319    35.0537    3.36545     0.1793     0.0000 2.4301e+01 1.3040e+00     0.0601    35.0457  1024.7760    1528.72 0.0000e+00
       4334    118.000    117.303    21.8912    21.8859   4.996163    35.0603    3.33838     0.2000     0.0000 2.4371e+01 1.3043e+00     0.0617    35.0518  1024.8013    1528.59 0.0000e+00
       4363    119.000    118.298    21.7975    21.7923   4.987824    35.0715    3.30300     0.2675     0.0000 2.4304e+01 1.3050e+00     0.0670    35.0616  1024.8393    1528.37 0.0000e+00
       4392    120.000    119.291    21.6617    21.6565   4.976016    35.0875    3.27533     0.1819     0.0000 2.4302e+01 1.3054e+00     0.0603    35.0783  1024.8943    1528.05 0.0000e+00
       4431    121.000    120.284    21.5753    21.5701   4.967886    35.0942    3.24742     0.1647     0.0000 2.4302e+01 1.3061e+00     0.0589    35.0839  1024.9268    1527.84 0.0000e+00
       4497    122.000    121.281    21.4571    21.4519   4.956669    35.1031    3.21252     0.1478     0.0000 2.4466e+01 1.3071e+00     0.0576    35.0908  1024.9693    1527.55 0.0000e+00
       4517    123.000    122.270    21.2543    21.2492   4.937362    35.1202    3.21184     0.1492     0.0000 2.4300e+01 1.3081e+00     0.0577    35.1025  1025.0385    1527.04 0.0000e+00
       4535    124.000    123.267    20.8498    20.8448   4.899775    35.1526    3.21519     0.1453     0.0000 2.4410e+01 1.3082e+00     0.0574    35.1331  1025.1768    1526.00 0.0000e+00
       4561    125.000    124.260    20.4527    20.4478   4.862587    35.1850    3.16475     0.1438     0.0000 2.4307e+01 1.3082e+00     0.0573    35.1606  1025.3097    1524.97 0.0000e+00
       4599    126.000    125.255    20.2232    20.2183   4.839767    35.1918    3.03088     0.1515     0.0000 2.4302e+01 1.3089e+00     0.0579    35.1654  1025.3793    1524.36 0.0000e+00
       4632    127.000    126.246    20.0508    20.0459   4.823019    35.1973    2.94074     0.1411     0.0000 2.4302e+01 1.3109e+00     0.0571    35.1719  1025.4346    1523.91 0.0000e+00
       4674    128.000    127.241    19.8845    19.8797   4.805808    35.1928    2.87584     0.1315     0.0000 2.4302e+01 1.3125e+00     0.0563    35.1695  1025.4812    1523.46 0.0000e+00
       4711    129.000    128.235    19.7489    19.7441   4.793657    35.2045    2.83250     0.1253     0.0000 2.4302e+01 1.3143e+00     0.0558    35.1828  1025.5315    1523.12 0.0000e+00
       4752    130.000    129.229    19.7423    19.7376   4.793603    35.2051    2.78916     0.1120     0.0000 2.4302e+01 1.3154e+00     0.0547    35.1875  1025.5411    1523.12 0.0000e+00
       4786    131.000    130.222    19.7352    19.7304   4.793272    35.2050    2.78622     0.1239     0.0000 2.4302e+01 1.3168e+00     0.0557    35.1904  1025.5496    1523.12 0.0000e+00
       4808    132.000    131.218    19.7157    19.7110   4.792521    35.2134    2.77995     0.1233     0.0000 2.4302e+01 1.3168e+00     0.0557    35.2002  1025.5666    1523.10 0.0000e+00
       4830    133.000    132.211    19.6867    19.6820   4.791138    35.2248    2.77218     0.1141     0.0000 2.4302e+01 1.3169e+00     0.0549    35.2128  1025.5882    1523.05 0.0000e+00
       4887    134.000    133.205    19.6300    19.6253   4.785609    35.2244    2.81222     0.0930     0.0000 2.4302e+01 1.3189e+00     0.0533    35.2145  1025.6087    1522.91 0.0000e+00
       4917    135.000    134.198    19.6009    19.5962   4.783490    35.2301    2.81300     0.1082     0.0000 2.4302e+01 1.3190e+00     0.0545    35.2211  1025.6257    1522.85 0.0000e+00
       4954    136.000    135.189    19.5812    19.5765   4.782115    35.2335    2.81379     0.1037     0.0000 2.4302e+01 1.3194e+00     0.0541    35.2260  1025.6390    1522.82 0.0000e+00
       4997    137.000    136.185    19.5679    19.5632   4.781315    35.2364    2.83658     0.0984     0.0000 2.4302e+01 1.3207e+00     0.0537    35.2302  1025.6500    1522.80 0.0000e+00
       5027    138.000    137.180    19.5557    19.5510   4.780438    35.2380    2.85262     0.1093     0.0000 2.4302e+01 1.3210e+00     0.0545    35.2329  1025.6596    1522.78 0.0000e+00
       5055    139.000    138.173    19.5496    19.5449   4.780023    35.2393    2.85832     0.1004     0.0000 2.4302e+01 1.3211e+00     0.0539    35.2342  1025.6666    1522.79 0.0000e+00
       5100    140.000    139.167    19.5249    19.5202   4.777968    35.2416    2.86445     0.0936     0.0000 2.4302e+01 1.3212e+00     0.0533    35.2377  1025.6801    1522.74 0.0000e+00
       5139    141.000    140.161    19.4863    19.4816   4.775030    35.2503    2.86521     0.0953     0.0000 2.4302e+01 1.3212e+00     0.0535    35.2455  1025.7005    1522.65 0.0000e+00
       5171    142.000    141.153    19.4202    19.4155   4.769670    35.2615    2.87672     0.0929     0.0000 2.4302e+01 1.3213e+00     0.0533    35.2566  1025.7306    1522.50 0.0000e+00
       5216    143.000    142.145    19.3546    19.3500   4.764066    35.2702    2.91223     0.0810     0.0000 2.4302e+01 1.3216e+00     0.0524    35.2651  1025.7585    1522.34 0.0000e+00
       5262    144.000    143.142    19.2922    19.2876   4.758263    35.2747    2.96612     0.0778     0.0000 2.4302e+01 1.3215e+00     0.0521    35.2693  1025.7823    1522.19 0.0000e+00
       5296    145.000    144.134    19.2350    19.2304   4.752730    35.2773    2.98669     0.0842     0.0000 2.4302e+01 1.3220e+00     0.0526    35.2714  1025.8031    1522.04 0.0000e+00
       5340    146.000    145.129    19.1103    19.1057   4.740305    35.2824    3.00080     0.0872     0.0000 2.4302e+01 1.3225e+00     0.0528    35.2732  1025.8411    1521.71 0.0000e+00
       5430    147.000    146.121    18.8486    18.8440   4.714008    35.2845    2.96929     0.0589     0.0000 2.4302e+01 1.3232e+00     0.0507    35.2753  1025.9145    1520.98 0.0000e+00
       5452    148.000    147.117    18.7783    18.7738   4.707016    35.2851    2.96593     0.0569     0.0000 2.4302e+01 1.3233e+00     0.0505    35.2761  1025.9374    1520.80 0.0000e+00
       5483    149.000    148.107    18.7413    18.7368   4.703250    35.2844    2.95117     0.0632     0.0000 2.4302e+01 1.3233e+00     0.0510    35.2756  1025.9509    1520.71 0.0000e+00
       5534    150.000    149.104    18.6967    18.6922   4.698789    35.2831    2.93331     0.0568     0.0000 2.4302e+01 1.3234e+00     0.0505    35.2758  1025.9668    1520.60 0.0000e+00
       5587    151.000    150.099    18.6713    18.6668   4.696408    35.2831    2.91398     0.0486     0.0000 2.4302e+01 1.3240e+00     0.0498    35.2771  1025.9786    1520.54 0.0000e+00
       5658    152.000    151.089    18.6489    18.6445   4.694172    35.2830    2.89369     0.0507     0.0000 2.4302e+01 1.3247e+00     0.0500    35.2770  1025.9886    1520.50 0.0000e+00
       5683    153.000    152.086    18.5759    18.5714   4.687225    35.2855    2.89930     0.0541     0.0000 2.4302e+01 1.3254e+00     0.0503    35.2805  1026.0142    1520.31 0.0000e+00
       5703    154.000    153.077    18.5036    18.4992   4.679776    35.2846    2.89394     0.0635     0.0000 2.4302e+01 1.3255e+00     0.0510    35.2791  1026.0358    1520.11 0.0000e+00
       5732    155.000    154.073    18.4690    18.4646   4.676097    35.2830    2.87328     0.0602     0.0000 2.4302e+01 1.3252e+00     0.0508    35.2772  1026.0475    1520.03 0.0000e+00
       5784    156.000    155.066    18.4399    18.4355   4.672914    35.2805    2.83662     0.0540     0.0000 2.4302e+01 1.3254e+00     0.0503    35.2749  1026.0575    1519.96 0.0000e+00
       5822    157.000    156.055    18.3961    18.3916   4.668350    35.2784    2.82633     0.0521     0.0000 2.4302e+01 1.3255e+00     0.0501    35.2734  1026.0718    1519.85 0.0000e+00
       5883    158.000    157.049    18.3150    18.3106   4.659421    35.2735    2.80756     0.0507     0.0000 2.4302e+01 1.3255e+00     0.0500    35.2669  1026.0916    1519.62 0.0000e+00
       5917    159.000    158.047    18.1841    18.1798   4.645577    35.2688    2.79452     0.0532     0.0000 2.4302e+01 1.3255e+00     0.0502    35.2613  1026.1246    1519.25 0.0000e+00
       5949    160.000    159.040    18.0011    17.9968   4.625638    35.2583    2.77453     0.0465     0.0000 2.4302e+01 1.3255e+00     0.0497    35.2485  1026.1649    1518.72 0.0000e+00
       5978    161.000    160.035    17.8607    17.8564   4.609864    35.2466    2.75003     0.0546     0.0000 2.4302e+01 1.3255e+00     0.0503    35.2343  1026.1933    1518.31 0.0000e+00
       6022    162.000    161.024    17.7513    17.7470   4.598229    35.2395    2.69355     0.0414     0.0000 2.4302e+01 1.3255e+00     0.0492    35.2287  1026.2205    1518.00 0.0000e+00
       6059    163.000    162.023    17.6786    17.6743   4.590444    35.2356    2.65975     0.0351     0.0000 2.4302e+01 1.3255e+00     0.0487    35.2243  1026.2394    1517.80 0.0000e+00
       6101    164.000    163.015    17.6267    17.6224   4.585199    35.2332    2.63544     0.0352     0.0000 2.4302e+01 1.3258e+00     0.0487    35.2238  1026.2562    1517.66 0.0000e+00
       6170    165.000    164.010    17.5582    17.5540   4.578270    35.2303    2.60875     0.0367     0.0000 2.4302e+01 1.3259e+00     0.0489    35.2230  1026.2768    1517.47 0.0000e+00
       6197    166.000    165.001    17.5382    17.5340   4.576199    35.2297    2.60446     0.0392     0.0000 2.4302e+01 1.3266e+00     0.0490    35.2221  1026.2854    1517.43 0.0000e+00
       6216    167.000    165.993    17.5087    17.5045   4.572899    35.2289    2.59872     0.0417     0.0000 2.4302e+01 1.3268e+00     0.0493    35.2189  1026.2945    1517.36 0.0000e+00
       6234    168.000    166.988    17.4270    17.4228   4.565168    35.2294    2.59372     0.0392     0.0000 2.4302e+01 1.3274e+00     0.0491    35.2226  1026.3217    1517.14 0.0000e+00
       6281    169.000    167.985    17.3898    17.3856   4.561304    35.2281    2.58136     0.0370     0.0000 2.4302e+01 1.3273e+00     0.0489    35.2211  1026.3341    1517.04 0.0000e+00
       6329    170.000    168.975    17.3625    17.3583   4.558502    35.2263    2.56659     0.0367     0.0000 2.4231e+01 1.3274e+00     0.0489    35.2203  1026.3445    1516.97 0.0000e+00
       6367    171.000    169.968    17.3401    17.3359   4.556276    35.2251    2.56933     0.0358     0.0000 2.4300e+01 1.3275e+00     0.0488    35.2201  1026.3541    1516.92 0.0000e+00
       6431    172.000    170.962    17.3305    17.3263   4.555286    35.2238    2.57077     0.0387     0.0000 2.4302e+01 1.3276e+00     0.0490    35.2195  1026.3604    1516.91 0.0000e+00
       6457    173.000    171.957    17.2974    17.2932   4.551948    35.2232    2.57285     0.0419     0.0000 2.4302e+01 1.3273e+00     0.0493    35.2190  1026.3725    1516.83 0.0000e+00
